0.004001617431640625
0.0029981136322021484
0.0010030269622802734
0.001997709274291992
0.0010113716125488281
0.002991199493408203
0.00599217414855957
0.004994630813598633
0.0029985904693603516
0.0019981861114501953
0.001999378204345703
0.0010004043579101562
0.001998424530029297
0.001999378204345703
0.0029985904693603516
0.00400233268737793
0.005990743637084961
0.002000093460083008
0.0019996166229248047
0.0009996891021728516
0.001999378204345703
0.0009992122650146484
0.0029981136322021484
0.0019974708557128906
0.001998424530029297
0.0019991397857666016
0.001001119613647461
0.001997232437133789
0.0019989013671875
0.0029981136322021484
0.0010006427764892578
0.001997709274291992
0.0009984970092773438
0.0019998550415039062
0.0019986629486083984
0.0019989013671875
0.0019986629486083984
0.0010006427764892578
0.001998424530029297
0.001997232437133789
0.001999378204345703
0.0010006427764892578
0.0019981861114501953
0.0039980411529541016
0.001998424530029297
0.00299835205078125
0.0010001659393310547
0.0009992122650146484
0.0019979476928710938
0.0019991397857666016
0.0019996166229248047
0.0019989013671875
0.0010008811950683594
0.001997709274291992
0.0010001659393310547
0.0029981136322021484
0.0009996891021728516
0.0
0.0019989013671875
0.00099945068359375
0.0019981861114501953
0.0
0.0
0.0019981861114501953
0.0010001659393310547
0.0019989013671875
0.0009999275207519531
0.003996372222900391
0.0019991397857666016
0.002998828887939453
0.0010001659393310547
0.00099945068359375
0.0009987354278564453
0.0019981861114501953
0.0029985904693603516
0.0019991397857666016
0.0019986629486083984
0.0
0.0009996891021728516
0.001998424530029297
0.0019989013671875
0.0029985904693603516
0.0019981861114501953
0.0010004043579101562
0.003996849060058594
0.0010006427764892578
0.0019974708557128906
0.0010001659393310547
0.00099945068359375
0.0029981136322021484
0.0010008811950683594
0.0009982585906982422
0.0029976367950439453
0.0029985904693603516
0.001997709274291992
0.0010006427764892578
0.0009989738464355469
0.0019989013671875
0.0010004043579101562
0.0009987354278564453
0.0009999275207519531
0.0
0.0009987354278564453
0.00299835205078125
0.0010006427764892578
0.0009989738464355469
0.0009989738464355469
0.0009996891021728516
0.00299835205078125
0.0009999275207519531
0.0019974708557128906
0.0010004043579101562
0.0019979476928710938
0.0019996166229248047
0.0019981861114501953
0.0010001659393310547
0.002997875213623047
0.0
0.0019989013671875
0.002997875213623047
0.001001119613647461
0.0029964447021484375
0.0010004043579101562
0.0019989013671875
0.0019979476928710938
0.0010006427764892578
0.0019979476928710938
0.0
0.0010006427764892578
0.001997232437133789
0.0010001659393310547
0.0009996891021728516
0.0019981861114501953
0.0019989013671875
0.0009992122650146484
0.0
0.0019998550415039062
0.0019986629486083984
0.0010001659393310547
0.001997709274291992
0.0019986629486083984
0.0019991397857666016
0.001997709274291992
0.0019996166229248047
0.0019989013671875
0.0019991397857666016
0.0019979476928710938
0.001999378204345703
0.0009999275207519531
0.0009992122650146484
0.0039980411529541016
0.00099945068359375
0.0009989738464355469
0.0019991397857666016
0.0
0.0
0.00099945068359375
0.001998424530029297
0.0010006427764892578
0.0019974708557128906
0.0009996891021728516
0.001998424530029297
0.0019986629486083984
0.001999378204345703
0.001996278762817383
0.0019981861114501953
0.0009996891021728516
0.003000974655151367
0.0019986629486083984
0.0
0.0010006427764892578
0.0019979476928710938
0.0019986629486083984
0.0019991397857666016
0.0019989013671875
0.0
0.00299835205078125
0.0029985904693603516
0.0019979476928710938
0.0019991397857666016
0.0029985904693603516
0.0010006427764892578
0.0009992122650146484
0.0029969215393066406
0.0010006427764892578
0.0009984970092773438
0.0019989013671875
0.0010001659393310547
0.0009996891021728516
0.0009984970092773438
0.0009996891021728516
0.0019986629486083984
0.0019981861114501953
0.0010001659393310547
0.0009992122650146484
0.0019991397857666016
0.00099945068359375
0.001998424530029297
0.0010001659393310547
0.0009987354278564453
0.001997709274291992
0.0010006427764892578
0.0
0.0019989013671875
0.0010004043579101562
0.0009984970092773438
0.00099945068359375
0.0019986629486083984
0.0019989013671875
0.0010001659393310547
0.0019979476928710938
0.0019991397857666016
0.0
0.0019986629486083984
0.00099945068359375
0.001998424530029297
0.0009999275207519531
0.0009989738464355469
0.0029985904693603516
0.0010001659393310547
0.0019981861114501953
0.0010008811950683594
0.001997709274291992
0.00099945068359375
0.0019979476928710938
0.002998828887939453
0.0
0.0009992122650146484
0.0009989738464355469
0.00099945068359375
0.0009989738464355469
0.0009996891021728516
0.0019986629486083984
0.0
0.0029973983764648438
0.0010013580322265625
0.0019981861114501953
0.0019989013671875
0.0019989013671875
0.0009989738464355469
0.0009999275207519531
0.0009989738464355469
0.0019986629486083984
0.0010004043579101562
0.0009989738464355469
0.0019986629486083984
0.0019989013671875
0.0010006427764892578
0.0009989738464355469
0.0009992122650146484
0.0
0.0019986629486083984
0.0010004043579101562
0.0009992122650146484
0.0019979476928710938
0.003996610641479492
0.0009989738464355469
0.002000093460083008
0.0009984970092773438
0.00099945068359375
0.0019998550415039062
0.00099945068359375
0.0019991397857666016
0.0009992122650146484
0.0
0.001998424530029297
0.0009970664978027344
0.0010008811950683594
0.0009999275207519531
0.0019986629486083984
0.0
0.00299835205078125
0.00099945068359375
0.0009999275207519531
0.0009999275207519531
0.0019986629486083984
0.0009992122650146484
0.0
0.001997709274291992
0.0010004043579101562
0.00099945068359375
0.0009996891021728516
0.0
0.004997968673706055
0.0009996891021728516
0.0009992122650146484
0.003997802734375
0.0010008811950683594
0.0010006427764892578
0.0019989013671875
0.0
0.00099945068359375
0.0019981861114501953
0.0009987354278564453
0.001001596450805664
0.0029981136322021484
0.0009999275207519531
0.0019991397857666016
0.0009975433349609375
0.002012014389038086
0.00099945068359375
0.0009851455688476562
0.002000093460083008
0.0029976367950439453
0.0019989013671875
0.0009999275207519531
0.0010132789611816406
0.0009844303131103516
0.0009992122650146484
0.0020134449005126953
0.0009872913360595703
0.0019989013671875
0.0010006427764892578
0.000997781753540039
0.0040094852447509766
0.000985860824584961
0.0019998550415039062
0.0019986629486083984
0.0010008811950683594
0.003009796142578125
0.0010004043579101562
0.0009992122650146484
0.0009996891021728516
0.002985239028930664
0.0009999275207519531
0.0019989013671875
0.0009999275207519531
0.0
0.0009992122650146484
0.0019960403442382812
0.00101470947265625
0.0009870529174804688
0.0009965896606445312
0.001001596450805664
0.0009970664978027344
0.0019991397857666016
0.003999948501586914
0.0010001659393310547
0.0
0.002997875213623047
0.0010111331939697266
0.0009999275207519531
0.0
0.0
0.0009999275207519531
0.0009999275207519531
0.0009987354278564453
0.0039844512939453125
0.0
0.0029973983764648438
0.0019845962524414062
0.0019991397857666016
0.0019989013671875
0.0009999275207519531
0.0019986629486083984
0.0009982585906982422
0.0010139942169189453
0.0009851455688476562
0.0010018348693847656
0.002001047134399414
0.0019969940185546875
0.0009968280792236328
0.0010132789611816406
0.0010013580322265625
0.0010001659393310547
0.0009965896606445312
0.0009999275207519531
0.0009989738464355469
0.001985311508178711
0.0009999275207519531
0.0009992122650146484
0.0019981861114501953
0.0009999275207519531
0.0009992122650146484
0.0010001659393310547
0.0020139217376708984
0.0009992122650146484
0.0009984970092773438
0.0010004043579101562
0.0019986629486083984
0.0019834041595458984
0.0009996891021728516
0.0009999275207519531
0.00301361083984375
0.0009992122650146484
0.0009980201721191406
0.001984834671020508
0.0009992122650146484
0.0019991397857666016
0.0
0.001998424530029297
0.0010004043579101562
0.0009987354278564453
0.0010135173797607422
0.0009989738464355469
0.0029985904693603516
0.001001596450805664
0.0029816627502441406
0.0010004043579101562
0.0009989738464355469
0.0009996891021728516
0.0009992122650146484
0.0
0.0029969215393066406
0.0010144710540771484
0.001998424530029297
0.00099945068359375
0.0029985904693603516
0.0009849071502685547
0.0010006427764892578
0.0009987354278564453
0.0009996891021728516
0.0019989013671875
0.0009996891021728516
0.0
0.00099945068359375
0.002012968063354492
0.0
0.0009999275207519531
0.00099945068359375
0.0009992122650146484
0.0009853839874267578
0.001997709274291992
0.0010144710540771484
0.0009989738464355469
0.0019989013671875
0.0009999275207519531
0.00099945068359375
0.0009996891021728516
0.0009851455688476562
0.0009996891021728516
0.0009992122650146484
0.0
0.0
0.0009992122650146484
0.0009992122650146484
0.00099945068359375
0.0019979476928710938
0.00101470947265625
0.0009980201721191406
0.0010004043579101562
0.0009992122650146484
0.0010004043579101562
0.0
0.0009987354278564453
0.0009996891021728516
0.0009849071502685547
0.0010004043579101562
0.0009992122650146484
0.0009989738464355469
0.0009996891021728516
0.00099945068359375
0.0
0.0019986629486083984
0.002012491226196289
0.00099945068359375
0.0
0.0
0.0019996166229248047
0.0
0.0009996891021728516
0.0009844303131103516
0.0009996891021728516
0.00099945068359375
0.0
0.0010001659393310547
0.0009992122650146484
0.0009992122650146484
0.004011631011962891
0.0010013580322265625
0.0009992122650146484
0.0009982585906982422
0.0009989738464355469
0.0009999275207519531
0.00099945068359375
0.0009837150573730469
0.002004384994506836
0.0009980201721191406
0.0019981861114501953
0.0019981861114501953
0.0009975433349609375
0.0020127296447753906
0.0009996891021728516
0.0009992122650146484
0.0
0.00099945068359375
0.0009996891021728516
0.0009999275207519531
0.0009846687316894531
0.0009996891021728516
0.0009999275207519531
0.00099945068359375
0.0009987354278564453
0.0
0.00099945068359375
0.00099945068359375
0.0009996891021728516
0.000997781753540039
0.0010006427764892578
0.001012563705444336
0.0009999275207519531
0.0
0.0019991397857666016
0.0009999275207519531
0.0
0.0009992122650146484
0.0009846687316894531
0.0009999275207519531
0.0019991397857666016
0.0
0.00099945068359375
0.0009992122650146484
0.00099945068359375
0.0
0.0010004043579101562
0.0019981861114501953
0.001001596450805664
0.0009949207305908203
0.0010030269622802734
0.0010104179382324219
0.0009999275207519531
0.0009992122650146484
0.0009996891021728516
0.0
0.00099945068359375
0.00099945068359375
0.0009992122650146484
0.0
0.00099945068359375
0.0009996891021728516
0.0009996891021728516
0.0
0.0
0.00099945068359375
0.000986337661743164
0.0010018348693847656
0.0010004043579101562
0.0
0.0019991397857666016
0.000997781753540039
0.0
0.0
0.0009996891021728516
0.0009989738464355469
0.0009996891021728516
0.0009992122650146484
0.0009987354278564453
0.0
0.0
0.0009996891021728516
0.0019960403442382812
0.001001596450805664
0.001012563705444336
0.000997781753540039
0.0009999275207519531
0.0
0.00099945068359375
0.0009996891021728516
0.0009846687316894531
0.001001119613647461
0.0010001659393310547
0.00099945068359375
0.0009996891021728516
0.0009989738464355469
0.0009999275207519531
0.0
